3,2
3,1
3,3
10,192
10,262
10,172
10,170
10,246
10,14
10,226
11,10
9,6
9,4
8,15
8,4
8,6
8,11
8,12
45,3
45,2
45,1
45,0
39,3
39,2
39,1
39,0
33,3
33,2
33,1
33,0
20,3
20,2
20,1
19,3
19,2
19,1
12,3
12,2
12,1
11,29
11,28
11,27
11,26
11,25
11,24
11,23
11,22
11,21
11,20
11,19
11,18
11,17
11,16
11,15
11,14
11,13
11,12
11,11
11,9
11,8
11,7
11,6
11,5
11,4
11,3
11,2
11,1
10,307
10,306
10,303
10,300
10,299
10,297
10,293
10,291
10,286
10,282
10,274
10,269
10,263
10,261
10,259
18,1
10,253
18,3
10,249
10,245
10,243
10,242
10,241
10,239
10,237
14,1
10,233
14,3
10,232
